0.216000 5.359000
0.465000 5.410000
0.713000 5.154000
0.962000 5.154000
1.211000 5.462000
1.460000 5.308000
1.709000 5.410000
1.958000 5.462000
2.206000 5.513000
2.455000 5.564000
2.704000 5.462000
2.953000 5.308000
3.202000 5.256000
3.451000 5.256000
3.699000 5.615000
3.948000 5.667000
4.197000 5.256000
4.446000 5.564000
4.695000 5.462000
4.944000 5.256000
5.192000 5.256000
5.441000 5.359000
5.690000 5.359000
5.939000 5.308000
6.188000 5.308000
6.437000 5.359000
6.685000 5.462000
6.934000 5.564000
7.183000 5.513000
7.432000 5.462000
7.681000 5.410000
7.930000 5.359000
8.178000 5.308000
8.427000 5.308000
8.676000 5.462000
8.925000 5.718000
9.174000 5.564000
9.423000 5.615000
9.671000 5.667000
9.920000 5.821000
