0.000000000000000000e+00	2.851969000587936401e+09	2.870211211223227501e+09
1.034482758620689780e-01	2.798713262450739861e+09	2.921208904949487209e+09
2.068965517241379559e-01	2.723149934164312840e+09	2.986420831880613804e+09
3.103448275862069061e-01	2.668529910728985786e+09	3.052483526599259377e+09
4.137931034482759118e-01	2.599092679685976505e+09	3.113011349499791145e+09
5.172413793103448620e-01	2.540705628241861820e+09	3.185338462998530388e+09
6.206896551724138122e-01	2.470171353703316689e+09	3.238513539617720127e+09
7.241379310344827624e-01	2.416283320504771233e+09	3.304825105779410839e+09
8.275862068965518237e-01	2.347297248651238918e+09	3.375105200306011200e+09
9.310344827586206629e-01	2.281258800583699703e+09	3.431205329123234272e+09
1.034482758620689724e+00	2.217698398807800770e+09	3.497843870297293186e+09
1.137931034482758674e+00	2.155052035637697697e+09	3.559583448801186085e+09
1.241379310344827624e+00	2.095613508082502604e+09	3.626145227478260994e+09
1.344827586206896575e+00	2.030436030088016748e+09	3.685845427827989101e+09
1.448275862068965525e+00	1.978569530370492458e+09	3.760284164738802433e+09
1.551724137931034697e+00	1.906233674327082396e+09	3.815330567112698078e+09
1.655172413793103647e+00	1.849384067510769606e+09	3.885737570583020687e+09
1.758620689655172376e+00	1.784421976067893028e+09	3.940631977755032063e+09
1.862068965517241326e+00	2.318746495518506527e+09	4.002144029923576355e+09
1.965517241379310276e+00	-3.794155036173633423e+11	1.281136111927829742e+09
2.068965517241379448e+00	2.106158703797460794e+09	3.638842583379846096e+09
2.172413793103448398e+00	2.846688156919561386e+09	2.958229292343335629e+09
2.275862068965517349e+00	1.860596080728768826e+09	3.847046651431767941e+09
2.379310344827586299e+00	1.830657352591655731e+09	3.910327057378813744e+09
2.482758620689655249e+00	-2.184713792899854660e+09	9.631731709286767244e+08
2.586206896551724643e+00	1.442872932982149839e+09	3.431345254450817108e+09
2.689655172413793149e+00	2.090458855104855537e+09	3.574336326648055077e+09
2.793103448275862100e+00	1.494613153631146669e+09	3.027734287256680489e+09
2.896551724137931050e+00	2.679887992246874332e+09	3.067251773052847862e+09
3.000000000000000000e+00	2.695226977282182217e+09	3.030252037027540684e+09
