2.000000000000000000e+01 8.331250000000000000e+02
2.500000000000000000e+01 8.082500000000000000e+02
3.000000000000000000e+01 8.040000000000000000e+02
3.500000000000000000e+01 7.957500000000000000e+02
4.000000000000000000e+01 7.878750000000000000e+02
4.500000000000000000e+01 7.905000000000000000e+02
5.000000000000000000e+01 8.236250000000000000e+02
5.500000000000000000e+01 8.338750000000000000e+02
6.000000000000000000e+01 8.623750000000000000e+02
6.500000000000000000e+01 8.641250000000000000e+02
7.000000000000000000e+01 8.710000000000000000e+02
7.500000000000000000e+01 8.782500000000000000e+02
8.000000000000000000e+01 8.746250000000000000e+02
8.500000000000000000e+01 8.822500000000000000e+02
9.000000000000000000e+01 8.445000000000000000e+02
9.500000000000000000e+01 8.371250000000000000e+02
1.000000000000000000e+02 8.047500000000000000e+02
1.050000000000000000e+02 7.875000000000000000e+02
1.100000000000000000e+02 8.028750000000000000e+02
1.150000000000000000e+02 8.003750000000000000e+02
1.200000000000000000e+02 8.247500000000000000e+02
1.250000000000000000e+02 8.291250000000000000e+02
1.300000000000000000e+02 8.528750000000000000e+02
1.350000000000000000e+02 8.808750000000000000e+02
1.400000000000000000e+02 8.633750000000000000e+02
1.450000000000000000e+02 8.788750000000000000e+02
1.500000000000000000e+02 8.683750000000000000e+02
1.550000000000000000e+02 8.725000000000000000e+02
1.600000000000000000e+02 8.346250000000000000e+02
1.650000000000000000e+02 8.160000000000000000e+02
1.700000000000000000e+02 8.111250000000000000e+02
1.750000000000000000e+02 7.870000000000000000e+02
1.800000000000000000e+02 7.977500000000000000e+02
1.850000000000000000e+02 8.082500000000000000e+02
1.900000000000000000e+02 8.247500000000000000e+02
1.950000000000000000e+02 8.278750000000000000e+02
2.000000000000000000e+02 8.420000000000000000e+02
2.050000000000000000e+02 8.751250000000000000e+02
2.100000000000000000e+02 8.885000000000000000e+02
2.150000000000000000e+02 8.821250000000000000e+02
2.200000000000000000e+02 8.686250000000000000e+02
2.250000000000000000e+02 8.527500000000000000e+02
2.300000000000000000e+02 8.518750000000000000e+02
2.350000000000000000e+02 8.307500000000000000e+02
2.400000000000000000e+02 8.260000000000000000e+02
2.450000000000000000e+02 8.017500000000000000e+02
2.500000000000000000e+02 7.872500000000000000e+02
2.550000000000000000e+02 7.913750000000000000e+02
2.600000000000000000e+02 8.066250000000000000e+02
2.650000000000000000e+02 8.233750000000000000e+02
2.700000000000000000e+02 8.211250000000000000e+02
2.750000000000000000e+02 8.537500000000000000e+02
2.800000000000000000e+02 8.767500000000000000e+02
2.850000000000000000e+02 8.841250000000000000e+02
2.900000000000000000e+02 8.751250000000000000e+02
2.950000000000000000e+02 8.568750000000000000e+02
3.000000000000000000e+02 8.307500000000000000e+02
3.050000000000000000e+02 8.372500000000000000e+02
3.100000000000000000e+02 8.091250000000000000e+02
3.150000000000000000e+02 8.141250000000000000e+02
3.200000000000000000e+02 7.927500000000000000e+02
3.250000000000000000e+02 7.826250000000000000e+02
3.300000000000000000e+02 7.980000000000000000e+02
3.350000000000000000e+02 8.183750000000000000e+02
3.400000000000000000e+02 8.365000000000000000e+02
3.450000000000000000e+02 8.555000000000000000e+02
3.500000000000000000e+02 8.626250000000000000e+02
3.550000000000000000e+02 8.720000000000000000e+02
3.600000000000000000e+02 8.786250000000000000e+02
3.650000000000000000e+02 8.753750000000000000e+02
3.700000000000000000e+02 8.468750000000000000e+02
3.750000000000000000e+02 8.385000000000000000e+02
3.800000000000000000e+02 8.107500000000000000e+02
3.850000000000000000e+02 8.086250000000000000e+02
3.900000000000000000e+02 7.932500000000000000e+02
3.950000000000000000e+02 8.058750000000000000e+02
4.000000000000000000e+02 8.173750000000000000e+02
4.050000000000000000e+02 8.085000000000000000e+02
4.100000000000000000e+02 8.625000000000000000e+02
4.150000000000000000e+02 8.471250000000000000e+02
4.200000000000000000e+02 8.427500000000000000e+02
4.250000000000000000e+02 8.553750000000000000e+02
4.300000000000000000e+02 8.515000000000000000e+02
4.350000000000000000e+02 8.801250000000000000e+02
4.400000000000000000e+02 8.396250000000000000e+02
4.450000000000000000e+02 8.401250000000000000e+02
4.500000000000000000e+02 8.175000000000000000e+02
4.550000000000000000e+02 8.143750000000000000e+02
4.600000000000000000e+02 7.883750000000000000e+02
4.650000000000000000e+02 8.235000000000000000e+02
4.700000000000000000e+02 7.865000000000000000e+02
4.750000000000000000e+02 7.990000000000000000e+02
4.800000000000000000e+02 8.371250000000000000e+02
4.850000000000000000e+02 8.191250000000000000e+02
4.900000000000000000e+02 8.472500000000000000e+02
4.950000000000000000e+02 8.616250000000000000e+02
